   0.0000000e+00
   0.0000000e+00
   0.0000000e+00
   0.0000000e+00
   0.0000000e+00
   0.0000000e+00
   0.0000000e+00
   0.0000000e+00
   0.0000000e+00
   0.0000000e+00
   0.0000000e+00
   0.0000000e+00
   0.0000000e+00
   0.0000000e+00
   0.0000000e+00
   0.0000000e+00
   0.0000000e+00
   0.0000000e+00
   0.0000000e+00
   0.0000000e+00
   0.0000000e+00
   0.0000000e+00
   0.0000000e+00
   0.0000000e+00
   0.0000000e+00
   4.0000000e+00
   4.0000000e+00
   4.0000000e+00
   4.0000000e+00
   4.0000000e+00
   4.0000000e+00
   4.0000000e+00
   4.0000000e+00
  -1.0000000e+00
  -1.0000000e+00
  -1.0000000e+00
  -1.0000000e+00
  -1.0000000e+00
   2.0000000e+00
   2.0000000e+00
   2.0000000e+00
   2.0000000e+00
   2.0000000e+00
   2.0000000e+00
   2.0000000e+00
   2.0000000e+00
   2.0000000e+00
   2.0000000e+00
   2.0000000e+00
   2.0000000e+00
   2.0000000e+00
   2.0000000e+00
   2.0000000e+00
   2.0000000e+00
   2.0000000e+00
   2.0000000e+00
   2.0000000e+00
   2.0000000e+00
  -2.0000000e+00
  -2.0000000e+00
  -2.0000000e+00
  -2.0000000e+00
  -2.0000000e+00
   5.0000000e-01
   3.0000000e+00
   3.0000000e+00
   3.0000000e+00
   3.0000000e+00
   3.0000000e+00
   3.0000000e+00
   3.0000000e+00
   3.0000000e+00
   3.0000000e+00
   3.0000000e+00
   3.0000000e+00
   3.0000000e+00
   3.0000000e+00
   3.0000000e+00
   3.0000000e+00
   3.0000000e+00
   3.0000000e+00
   3.0000000e+00
   3.0000000e+00
   3.0000000e+00
   3.0000000e+00
   3.0000000e+00
   3.0000000e+00
   3.0000000e+00
   3.0000000e+00
   3.0000000e+00
   3.0000000e+00
   3.0000000e+00
   3.0000000e+00
   3.0000000e+00
   3.0000000e+00
   3.0000000e+00
   3.0000000e+00
   3.0000000e+00
   3.0000000e+00
   3.0000000e+00
   3.0000000e+00
   3.0000000e+00
  -1.2000000e+00
  -1.2000000e+00
  -1.2000000e+00
  -1.2000000e+00
  -1.2000000e+00
  -1.2000000e+00
  -1.2000000e+00
  -1.2000000e+00
  -1.2000000e+00
  -1.2000000e+00
   9.0000000e-01
   9.0000000e-01
   9.0000000e-01
   9.0000000e-01
   9.0000000e-01
   9.0000000e-01
   9.0000000e-01
   9.0000000e-01
   9.0000000e-01
   9.0000000e-01
   9.0000000e-01
   9.0000000e-01
   9.0000000e-01
   9.0000000e-01
   9.0000000e-01
   9.0000000e-01
   9.0000000e-01
   9.0000000e-01
   9.0000000e-01
   9.0000000e-01
   9.0000000e-01
   9.0000000e-01
   9.0000000e-01
   9.0000000e-01
   9.0000000e-01
   9.0000000e-01
   9.0000000e-01
   9.0000000e-01
   9.0000000e-01
   9.0000000e-01
   9.0000000e-01
   9.0000000e-01
   9.0000000e-01
   9.0000000e-01
   9.0000000e-01
   9.0000000e-01
   9.0000000e-01
   9.0000000e-01
   9.0000000e-01
   9.0000000e-01
   9.0000000e-01
   9.0000000e-01
   9.0000000e-01
   9.0000000e-01
   9.0000000e-01
   9.0000000e-01
   9.0000000e-01
   9.0000000e-01
   9.0000000e-01
   9.0000000e-01
   9.0000000e-01
   9.0000000e-01
   9.0000000e-01
   9.0000000e-01
   5.2000000e+00
   5.2000000e+00
   5.2000000e+00
   5.2000000e+00
   5.2000000e+00
   5.2000000e+00
   5.2000000e+00
   5.2000000e+00
   5.2000000e+00
   5.2000000e+00
   5.2000000e+00
   5.2000000e+00
   5.2000000e+00
   5.2000000e+00
   5.2000000e+00
   5.2000000e+00
   5.2000000e+00
   5.2000000e+00
   5.2000000e+00
   5.2000000e+00
   5.2000000e+00
   5.2000000e+00
   5.2000000e+00
   5.2000000e+00
   5.2000000e+00
   5.2000000e+00
   5.2000000e+00
   5.2000000e+00
   2.1000000e+00
   2.1000000e+00
   2.1000000e+00
   2.1000000e+00
   2.1000000e+00
   4.2000000e+00
   4.2000000e+00
   4.2000000e+00
   4.2000000e+00
   4.2000000e+00
   4.2000000e+00
   4.2000000e+00
   4.2000000e+00
  -8.8817842e-16
  -8.8817842e-16
  -8.8817842e-16
  -8.8817842e-16
  -8.8817842e-16
  -8.8817842e-16
  -8.8817842e-16
  -8.8817842e-16
  -8.8817842e-16
  -8.8817842e-16
  -8.8817842e-16
  -8.8817842e-16
  -8.8817842e-16
  -8.8817842e-16
  -8.8817842e-16
  -8.8817842e-16
  -8.8817842e-16
  -8.8817842e-16
  -8.8817842e-16
  -8.8817842e-16
  -8.8817842e-16
  -8.8817842e-16
  -8.8817842e-16
  -8.8817842e-16
  -8.8817842e-16
  -8.8817842e-16
  -8.8817842e-16
  -8.8817842e-16
  -8.8817842e-16
  -8.8817842e-16
  -8.8817842e-16
  -8.8817842e-16
  -8.8817842e-16
  -8.8817842e-16
  -8.8817842e-16
  -8.8817842e-16
  -8.8817842e-16
  -8.8817842e-16
  -8.8817842e-16
  -8.8817842e-16
  -8.8817842e-16
  -8.8817842e-16
  -8.8817842e-16
  -8.8817842e-16
  -8.8817842e-16
  -8.8817842e-16
  -8.8817842e-16
  -8.8817842e-16
  -8.8817842e-16
